09660000024040955327
09660000023060128820
09660000024040967047
09660000024040877078
09660000024040743235
09660000024040591078
09660000024030248591
09660000024040872074
09660000024040812289
09660000024040383983
09660000024040966297
09660000024041028974
09660000024041039986
09660000024010500031
09660000024040970203
09660000024040923370
09660000024040373504
09660000024030904538
09660000024041025079
09660000024040955531
09660000024041028048
09660000024010429339
09660000022081780619
09660000024031512477
09660000024040883076
09660000024040936622
091870000024060002473
091870000024060002494
091870000024050006515
09660000023123199661
09660000023080360498
09660000023090591172
091870000024060002487
091870000024060002516
091870000024060003531
091870000024060003701
09660000023122713814
09660000024020455122
091870000024050005983
09660000024040990922
09660000022081621124
091870000024060002833
091870000024060003554
09660000024040663737
091870000024060003786
091870000024050003902
091870000024060003944
091870000024050004950
091870000024050006639
091870000024060004222
09660000024040382343
091870000024060002418
091870000024060002537
091870000024060003406
091870000024060003508
091870000024060003857
091870000024060004057
091870000024060004116
091870000024060004233
091870000024060004251
091870000024060004365
09660000024041065549
091870000024050005690
091870000024050005776
091870000024050006280
091870000024050006440
09660000023101427732
09660000024011661021
091870000024060003605
091870000024060003651
091870000024060003667
091870000024060003717
091870000024060004298
09660000024041034708
09660000024040394708
091870000024050004720
09660000023090865327
09660000023051086819
09660000024040848678
09660000024040521044
09660000023010071935
091870000024060004267
091870000024060005574
091870000024060005714
09660000024021161084
091870000024060004308
091870000024060005693
09660000024011520639
09660000024031194687
091870000024050004765
091870000024060002425
